IR_filter_raw=[2.69863013698630e+002	0.00000000000000e+000
2.73972602739726e+002	5.18134715025907e-003
2.82191780821918e+002	2.07253886010363e-002
2.88356164383562e+002	5.95854922279793e-002
3.00684931506849e+002	2.20207253886010e-001
3.25342465753425e+002	7.02072538860104e-001
3.43835616438356e+002	8.73056994818653e-001
3.52054794520548e+002	9.09326424870466e-001
3.58219178082192e+002	9.30051813471503e-001
3.62328767123288e+002	9.35233160621762e-001
3.72602739726027e+002	9.45595854922280e-001
3.76712328767123e+002	9.48186528497409e-001
3.82876712328767e+002	9.48186528497409e-001
3.86986301369863e+002	9.45595854922280e-001
3.93150684931507e+002	9.40414507772021e-001
4.03424657534247e+002	9.27461139896373e-001
4.17808219178082e+002	9.27461139896373e-001
4.21917808219178e+002	9.22279792746114e-001
4.28082191780822e+002	9.22279792746114e-001
4.42465753424658e+002	9.30051813471503e-001
4.69178082191781e+002	9.30051813471503e-001
4.83561643835616e+002	9.40414507772021e-001
5.02054794520548e+002	9.45595854922280e-001
5.20547945205479e+002	9.37823834196891e-001
5.32876712328767e+002	9.37823834196891e-001
5.51369863013699e+002	9.45595854922280e-001
5.67808219178082e+002	9.45595854922280e-001
5.84246575342466e+002	9.35233160621762e-001
6.17123287671233e+002	8.93782383419689e-001
6.37671232876712e+002	8.52331606217617e-001
6.52054794520548e+002	8.16062176165803e-001
6.78767123287671e+002	7.38341968911917e-001
7.09589041095890e+002	6.26943005181347e-001
7.36301369863014e+002	5.31088082901554e-001
7.65068493150685e+002	4.19689119170984e-001
8.00000000000000e+002	2.92746113989637e-001
8.18493150684931e+002	2.38341968911917e-001
8.43150684931507e+002	1.76165803108808e-001
8.71917808219178e+002	1.19170984455959e-001
8.96575342465753e+002	8.54922279792746e-002
9.19178082191781e+002	6.21761658031088e-002
9.70547945205479e+002	3.10880829015544e-002
1.00547945205479e+003	2.07253886010363e-002
1.06095890410959e+003	1.29533678756477e-002
1.09794520547945e+003	1.03626943005181e-002
4.09794520547945e+003	1.03626943005181e-002];